shut down 

Protocol  : NEC
Code      : 0x20DF10EF (32 Bits)
uint16_t rawData[71] = {9146, 4356,  752, 460,  478, 628,  556, 1632,  606, 582,  500, 586,  546, 610,  656, 458,  690, 482,  550, 1640,  650, 1680,  588, 462,  598, 1636,  654, 1586,  636, 1746,  464, 1636,  686, 1556,  658, 550,  482, 584,  644, 486,  602, 1676,  560, 590,  544, 542,  544, 582,  596, 538,  600, 1636,  556, 1684,  660, 1582,  660, 480,  548, 1684,  638, 1602,  558, 1684,  598, 1642,  658, 39938,  9046, 2212,  558};  // NEC 20DF10EF
uint32_t address = 0x4;
uint32_t command = 0x8;
uint64_t data = 0x20DF10EF;

left:

Protocol  : NEC
Code      : 0x20DFE01F (32 Bits)
uint16_t rawData[67] = {9048, 4456,  512, 586,  548, 610,  572, 1636,  748, 390,  606, 530,  590, 542,  600, 534,  646, 482,  602, 1634,  614, 1628,  702, 434,  554, 1686,  608, 1632,  554, 1686,  690, 1552,  554, 1684,  700, 1540,  698, 1544,  604, 1638,  686, 454,  640, 490,  552, 610,  522, 582,  650, 492,  544, 580,  606, 532,  596, 536,  596, 1640,  554, 1684,  648, 1592,  576, 1666,  602, 1640,  556};  // NEC 20DFE01F
uint32_t address = 0x4;
uint32_t command = 0x7;
uint64_t data = 0x20DFE01F;

up:

Protocol  : NEC
Code      : 0x20DF02FD (32 Bits)
uint16_t rawData[67] = {9032, 4494,  542, 592,  540, 590,  568, 1702,  540, 568,  538, 592,  540, 592,  568, 566,  564, 596,  514, 1700,  542, 1704,  538, 568,  566, 1676,  562, 1700,  566, 1676,  538, 1704,  538, 1676,  564, 592,  540, 592,  538, 596,  590, 544,  514, 622,  536, 594,  564, 1676,  542, 566,  590, 1678,  540, 1680,  562, 1702,  560, 1676,  542, 1700,  564, 1680,  560, 572,  564, 1676,  614};  // NEC 20DF02FD
uint32_t address = 0x4;
uint32_t command = 0x40;
uint64_t data = 0x20DF02FD;

down:

Protocol  : NEC
Code      : 0x20DF827D (32 Bits)
uint16_t rawData[67] = {9042, 4460,  578, 608,  552, 530,  574, 1666,  574, 558,  598, 532,  578, 556,  576, 558,  574, 558,  574, 1666,  576, 1666,  602, 532,  576, 1666,  600, 1642,  576, 1666,  602, 1638,  600, 1640,  576, 1664,  598, 536,  602, 532,  600, 534,  574, 558,  602, 532,  574, 1664,  602, 536,  598, 534,  574, 1664,  578, 1664,  576, 1664,  576, 1666,  602, 1640,  574, 560,  600, 1638,  576};  // NEC 20DF827D
uint32_t address = 0x4;
uint32_t command = 0x41;
uint64_t data = 0x20DF827D;

right:

Protocol  : NEC
Code      : 0x20DF609F (32 Bits)
uint16_t rawData[67] = {9018, 4488,  602, 532,  604, 530,  598, 1638,  604, 532,  574, 560,  576, 558,  574, 608,  526, 558,  600, 1640,  600, 1640,  602, 530,  600, 1640,  578, 1664,  576, 1664,  604, 1618,  596, 1664,  602, 532,  576, 1662,  578, 1664,  602, 532,  574, 558,  602, 532,  576, 558,  576, 558,  576, 1664,  602, 532,  602, 532,  574, 1664,  604, 1638,  576, 1666,  602, 1638,  576, 1664,  602};  // NEC 20DF609F
uint32_t address = 0x4;
uint32_t command = 0x6;
uint64_t data = 0x20DF609F;

volume +

Protocol  : NEC
Code      : 0x20DF40BF (32 Bits)
uint16_t rawData[67] = {9048, 4454,  606, 532,  574, 606,  554, 1638,  576, 562,  572, 558,  576, 558,  574, 558,  572, 562,  572, 1666,  578, 1662,  604, 578,  528, 1664,  576, 1666,  600, 1638,  578, 1664,  602, 1640,  604, 530,  576, 1664,  632, 502,  600, 532,  576, 556,  578, 556,  602, 530,  574, 564,  594, 1642,  604, 532,  574, 1664,  602, 1638,  604, 1640,  574, 1664,  604, 1638,  576, 1664,  580};  // NEC 20DF40BF
uint32_t address = 0x4;
uint32_t command = 0x2;
uint64_t data = 0x20DF40BF;

volume -

Protocol  : NEC
Code      : 0x20DFC03F (32 Bits)
uint16_t rawData[67] = {9016, 4486,  578, 560,  574, 558,  576, 1662,  578, 560,  600, 532,  596, 538,  572, 560,  598, 534,  574, 1664,  576, 1666,  576, 558,  574, 1664,  576, 1642,  600, 1664,  576, 1666,  574, 1668,  576, 1664,  600, 1640,  578, 556,  576, 558,  574, 560,  574, 560,  570, 562,  574, 560,  574, 558,  600, 536,  574, 1668,  572, 1666,  600, 1642,  576, 1662,  578, 1666,  602, 1638,  576};  // NEC 20DFC03F
uint32_t address = 0x4;
uint32_t command = 0x3;
uint64_t data = 0x20DFC03F;

select button :

Protocol  : NEC
Code      : 0x20DF22DD (32 Bits)
uint16_t rawData[67] = {9044, 4460,  578, 556,  576, 558,  574, 1662,  604, 532,  574, 558,  602, 530,  576, 558,  602, 532,  574, 1664,  604, 1638,  578, 556,  576, 1664,  604, 1636,  576, 1666,  578, 1660,  580, 1662,  602, 532,  600, 536,  572, 1662,  602, 534,  576, 556,  602, 530,  578, 1662,  604, 576,  532, 1662,  580, 1662,  602, 534,  574, 1664,  602, 1638,  606, 1636,  576, 558,  578, 1662,  578};  // NEC 20DF22DD
uint32_t address = 0x4;
uint32_t command = 0x44;
uint64_t data = 0x20DF22DD;

NETFLIX :


Protocol  : NEC
Code      : 0x20DF6A95 (32 Bits)
uint16_t rawData[67] = {9042, 4462,  576, 556,  578, 556,  602, 1636,  578, 558,  600, 534,  574, 560,  598, 534,  602, 530,  576, 1664,  606, 1636,  576, 562,  574, 1662,  604, 1636,  606, 1636,  576, 1664,  576, 1664,  602, 532,  576, 1662,  582, 1660,  578, 556,  576, 1664,  580, 556,  574, 1664,  604, 558,  546, 1664,  602, 534,  600, 532,  578, 1662,  604, 532,  574, 1664,  578, 558,  574, 1664,  606};  // NEC 20DF6A95
uint32_t address = 0x4;
uint32_t command = 0x56;
uint64_t data = 0x20DF6A95;


disable volume:

Protocol  : NEC
Code      : 0x20DF906F (32 Bits)
uint16_t rawData[67] = {9040, 4462,  602, 532,  574, 558,  578, 1662,  578, 558,  576, 556,  576, 558,  604, 530,  600, 534,  574, 1664,  578, 1664,  602, 534,  570, 1668,  576, 1664,  602, 1638,  578, 1664,  604, 1638,  604, 1638,  576, 558,  572, 560,  574, 1664,  602, 532,  602, 532,  600, 532,  574, 558,  602, 532,  600, 1640,  602, 1638,  602, 532,  604, 1636,  576, 1664,  576, 1666,  576, 1710,  558};  // NEC 20DF906F
uint32_t address = 0x4;
uint32_t command = 0x9;
uint64_t data = 0x20DF906F;


back:

Protocol  : NEC
Code      : 0x20DF14EB (32 Bits)
uint16_t rawData[67] = {9020, 4486,  632, 504,  604, 528,  580, 1658,  606, 558,  550, 556,  578, 554,  602, 532,  602, 532,  632, 1608,  602, 1638,  604, 530,  578, 1662,  608, 1634,  600, 1640,  610, 1630,  604, 1636,  582, 554,  604, 530,  580, 554,  600, 1638,  582, 554,  580, 1660,  580, 604,  554, 530,  576, 1662,  604, 1636,  580, 1662,  606, 530,  604, 1634,  578, 556,  604, 1636,  578, 1662,  580};  // NEC 20DF14EB
uint32_t address = 0x4;
uint32_t command = 0x28;
uint64_t data = 0x20DF14EB;


menu: 

Protocol  : NEC
Code      : 0x20DF3EC1 (32 Bits)
uint16_t rawData[67] = {9018, 4484,  580, 556,  578, 554,  602, 1638,  578, 556,  604, 538,  594, 580,  554, 494,  644, 574,  532, 1660,  606, 1636,  580, 554,  604, 1636,  578, 1662,  606, 1636,  576, 1664,  578, 1664,  604, 532,  574, 558,  602, 1638,  578, 1662,  604, 1638,  578, 1664,  604, 1636,  604, 532,  600, 1640,  604, 1634,  602, 534,  602, 532,  598, 582,  526, 558,  574, 560,  606, 1632,  578};  // NEC 20DF3EC1
uint32_t address = 0x4;
uint32_t command = 0x7C;
uint64_t data = 0x20DF3EC1;


settings:

Protocol  : NEC
Code      : 0x20DFC23D (32 Bits)
uint16_t rawData[67] = {9014, 4488,  578, 556,  574, 560,  576, 1664,  576, 560,  600, 536,  594, 536,  600, 534,  572, 558,  576, 1668,  574, 1664,  576, 560,  570, 1668,  576, 1664,  578, 1662,  576, 1666,  600, 1640,  576, 1666,  574, 1664,  578, 560,  572, 560,  574, 558,  602, 530,  576, 1664,  600, 534,  602, 532,  598, 534,  572, 1666,  578, 1664,  576, 1664,  602, 1640,  576, 558,  574, 1666,  576};  // NEC 20DFC23D
uint32_t address = 0x4;
uint32_t command = 0x43;
uint64_t data = 0x20DFC23D;

1:

Protocol  : NEC
Code      : 0x20DF8877 (32 Bits)
uint16_t rawData[67] = {9024, 4482,  614, 524,  602, 530,  606, 1632,  580, 554,  610, 526,  608, 524,  580, 552,  580, 552,  610, 1630,  612, 1628,  612, 526,  606, 1630,  610, 1632,  610, 1630,  610, 1632,  612, 1630,  584, 1656,  612, 524,  608, 524,  582, 550,  610, 1630,  610, 528,  608, 524,  574, 536,  630, 526,  608, 1628,  610, 1630,  614, 1628,  608, 526,  584, 1654,  584, 1656,  612, 1628,  610};  // NEC 20DF8877
uint32_t address = 0x4;
uint32_t command = 0x11;
uint64_t data = 0x20DF8877;

2:

Protocol  : NEC
Code      : 0x20DF48B7 (32 Bits)
uint16_t rawData[67] = {9024, 4478,  616, 522,  610, 528,  608, 1626,  612, 524,  610, 524,  580, 550,  656, 478,  638, 542,  566, 1626,  608, 1632,  644, 494,  612, 1624,  586, 1654,  614, 1626,  610, 1630,  614, 1628,  612, 524,  582, 1654,  588, 550,  606, 526,  606, 1632,  610, 526,  608, 526,  604, 526,  584, 1656,  610, 524,  610, 1630,  614, 1628,  612, 528,  576, 1656,  610, 1632,  612, 1630,  614};  // NEC 20DF48B7
uint32_t address = 0x4;
uint32_t command = 0x12;
uint64_t data = 0x20DF48B7;

3:

Protocol  : NEC
Code      : 0x20DFC837 (32 Bits)
uint16_t rawData[67] = {9046, 4458,  586, 552,  604, 526,  608, 1632,  608, 526,  608, 530,  574, 558,  606, 526,  578, 554,  606, 1632,  608, 1632,  610, 526,  606, 1632,  582, 1658,  606, 1636,  608, 1632,  608, 1632,  608, 1634,  580, 1660,  608, 528,  604, 578,  556, 1632,  608, 526,  580, 552,  582, 552,  580, 552,  582, 556,  574, 1660,  608, 1634,  610, 526,  608, 1632,  606, 1636,  608, 1678,  534};  // NEC 20DFC837
uint32_t address = 0x4;
uint32_t command = 0x13;
uint64_t data = 0x20DFC837;

4:

Protocol  : NEC
Code      : 0x20DF28D7 (32 Bits)
uint16_t rawData[67] = {9016, 4486,  578, 558,  602, 528,  602, 1640,  602, 532,  602, 530,  600, 532,  602, 532,  602, 530,  604, 1634,  580, 1664,  604, 536,  572, 1664,  604, 1636,  578, 1662,  604, 1636,  604, 1638,  576, 558,  598, 532,  576, 1664,  580, 554,  602, 1638,  604, 530,  578, 556,  572, 558,  602, 1638,  576, 1712,  530, 556,  600, 1638,  604, 530,  602, 1638,  602, 1638,  604, 1638,  578};  // NEC 20DF28D7
uint32_t address = 0x4;
uint32_t command = 0x14;
uint64_t data = 0x20DF28D7;

5:

Protocol  : NEC
Code      : 0x20DFA857 (32 Bits)
uint16_t rawData[67] = {9042, 4462,  578, 556,  578, 556,  576, 1664,  604, 532,  576, 558,  652, 482,  574, 558,  576, 556,  574, 1666,  600, 1640,  576, 558,  576, 1664,  602, 1638,  604, 1636,  606, 1636,  578, 1666,  600, 1638,  604, 534,  574, 1664,  602, 532,  596, 1642,  576, 560,  572, 560,  600, 532,  576, 558,  576, 1664,  576, 560,  576, 1664,  600, 532,  576, 1666,  600, 1640,  578, 1666,  604};  // NEC 20DFA857
uint32_t address = 0x4;
uint32_t command = 0x15;
uint64_t data = 0x20DFA857;

6:

Protocol  : NEC
Code      : 0x20DF6897 (32 Bits)
uint16_t rawData[67] = {9042, 4462,  578, 558,  600, 532,  574, 1664,  602, 532,  576, 558,  572, 558,  606, 530,  574, 560,  600, 1638,  576, 1666,  602, 532,  602, 1638,  598, 1642,  578, 1664,  604, 1636,  578, 1664,  604, 558,  570, 1642,  602, 1638,  604, 532,  574, 1662,  576, 558,  602, 532,  602, 530,  576, 1664,  578, 558,  572, 560,  602, 1638,  600, 536,  572, 1664,  602, 1640,  604, 1638,  578};  // NEC 20DF6897
uint32_t address = 0x4;
uint32_t command = 0x16;
uint64_t data = 0x20DF6897;

7:

Protocol  : NEC
Code      : 0x20DFE817 (32 Bits)
uint16_t rawData[67] = {9022, 4480,  612, 526,  582, 552,  606, 1632,  584, 552,  614, 520,  604, 528,  604, 530,  580, 554,  606, 1628,  584, 1658,  612, 524,  606, 1630,  610, 1632,  588, 1654,  616, 1626,  606, 1634,  610, 1632,  612, 1628,  610, 1630,  610, 528,  606, 1630,  610, 526,  610, 552,  578, 526,  608, 526,  604, 528,  612, 526,  602, 1634,  610, 526,  584, 1654,  608, 1632,  610, 1632,  608};  // NEC 20DFE817
uint32_t address = 0x4;
uint32_t command = 0x17;
uint64_t data = 0x20DFE817;

8:

Protocol  : NEC
Code      : 0x20DF18E7 (32 Bits)
uint16_t rawData[67] = {9048, 4454,  610, 526,  610, 522,  608, 1630,  616, 522,  612, 528,  598, 526,  582, 550,  632, 504,  682, 1556,  616, 1626,  588, 548,  610, 1628,  610, 1630,  586, 1654,  610, 1632,  608, 1632,  614, 526,  620, 510,  612, 524,  646, 1590,  612, 1628,  614, 524,  612, 522,  636, 498,  608, 1630,  642, 1600,  610, 1630,  610, 526,  632, 506,  608, 1626,  616, 1626,  586, 1656,  614};  // NEC 20DF18E7
uint32_t address = 0x4;
uint32_t command = 0x18;
uint64_t data = 0x20DF18E7;

9:

Protocol  : NEC
Code      : 0x20DF9867 (32 Bits)
uint16_t rawData[67] = {9028, 4476,  614, 528,  660, 510,  568, 1630,  610, 526,  680, 460,  602, 528,  618, 542,  556, 548,  610, 1628,  610, 1630,  606, 532,  606, 1630,  608, 1632,  612, 1628,  638, 1604,  636, 1604,  610, 1630,  584, 550,  656, 480,  630, 1604,  612, 1628,  588, 550,  606, 526,  584, 550,  610, 478,  652, 1628,  612, 1630,  610, 528,  602, 528,  582, 1638,  634, 1626,  608, 1634,  612};  // NEC 20DF9867
uint32_t address = 0x4;
uint32_t command = 0x19;
uint64_t data = 0x20DF9867;

0:

Protocol  : NEC
Code      : 0x20DF08F7 (32 Bits)
uint16_t rawData[67] = {9018, 4484,  608, 530,  602, 528,  578, 1662,  578, 556,  606, 526,  604, 530,  602, 534,  600, 532,  602, 1636,  608, 1634,  578, 556,  606, 1636,  578, 1662,  602, 1636,  606, 1636,  606, 1636,  606, 528,  602, 532,  578, 556,  600, 530,  606, 1634,  580, 556,  578, 554,  604, 528,  604, 1638,  604, 1636,  580, 1662,  606, 1636,  602, 532,  604, 1636,  608, 1632,  606, 1634,  580};  // NEC 20DF08F7
uint32_t address = 0x4;
uint32_t command = 0x10;
uint64_t data = 0x20DF08F7;


red:

Protocol  : NEC
Code      : 0x20DF4EB1 (32 Bits)
uint16_t rawData[67] = {9042, 4462,  604, 530,  602, 576,  560, 1632,  580, 558,  572, 556,  600, 534,  600, 532,  604, 530,  574, 1664,  606, 1636,  604, 530,  578, 1662,  602, 1638,  578, 1664,  576, 1666,  576, 1662,  578, 558,  576, 1662,  604, 532,  598, 534,  600, 1638,  578, 1666,  578, 1662,  606, 530,  600, 1638,  604, 532,  574, 1664,  604, 1636,  580, 558,  576, 556,  602, 532,  600, 1638,  602};  // NEC 20DF4EB1
uint32_t address = 0x4;
uint32_t command = 0x72;
uint64_t data = 0x20DF4EB1;

green:


Protocol  : NEC
Code      : 0x20DF8E71 (32 Bits)
uint16_t rawData[67] = {9018, 4486,  578, 558,  602, 532,  574, 1664,  608, 528,  574, 558,  602, 528,  578, 558,  578, 602,  530, 1664,  602, 1638,  580, 556,  600, 1638,  578, 1664,  576, 1664,  604, 1638,  578, 1662,  606, 1634,  604, 532,  600, 534,  606, 528,  574, 1664,  578, 1664,  578, 1664,  630, 502,  604, 580,  528, 1662,  606, 1636,  578, 1662,  606, 530,  576, 558,  602, 532,  574, 1710,  558};  // NEC 20DF8E71
uint32_t address = 0x4;
uint32_t command = 0x71;
uint64_t data = 0x20DF8E71;

yellow:

Protocol  : NEC
Code      : 0x20DFC639 (32 Bits)
uint16_t rawData[67] = {9070, 4436,  576, 558,  604, 530,  600, 1638,  604, 530,  578, 556,  606, 528,  600, 534,  600, 532,  602, 1636,  606, 1634,  606, 530,  600, 1640,  606, 1636,  576, 1664,  602, 1638,  604, 1638,  578, 1664,  606, 1634,  604, 532,  604, 530,  598, 532,  578, 1664,  576, 1664,  576, 558,  600, 534,  574, 558,  602, 1636,  578, 1664,  604, 1638,  604, 532,  602, 528,  604, 1636,  600};  // NEC 20DFC639
uint32_t address = 0x4;
uint32_t command = 0x63;
uint64_t data = 0x20DFC639;

blue:

Protocol  : NEC
Code      : 0x20DF8679 (32 Bits)
uint16_t rawData[67] = {9018, 4484,  580, 558,  600, 532,  600, 1640,  576, 558,  602, 532,  572, 558,  576, 556,  576, 560,  572, 1666,  578, 1646,  620, 530,  576, 1666,  576, 1664,  576, 1664,  576, 1664,  578, 1662,  578, 1664,  604, 560,  548, 560,  574, 556,  604, 530,  598, 1642,  604, 1634,  578, 556,  576, 558,  598, 1640,  606, 1636,  576, 1666,  598, 1642,  576, 558,  574, 558,  600, 1640,  574};  // NEC 20DF8679
uint32_t address = 0x4;
uint32_t command = 0x61;
uint64_t data = 0x20DF8679;










